[HUD]
Enabled=1
OrbitMode=1
EfectsOutsideIVA=1
DistanceUnits=Metric
SpeedUnits=Metric
HUDColor=0.5345602,1,0.35640138,1
HUDColor1=0.5345602,1,0.35640138,1
HUDColor2=0.97923875,0.13892317,0.31338358,1
ShadowColor=0,0,0,0.5
TextScale=1
LineScale=1
